1.0 24.37
2.0 24.4
3.0 24.36
4.0 24.37
5.0 24.42
6.0 24.47
7.0 24.49
8.0 24.52
9.0 24.63
10.0 24.6
11.0 24.63
12.0 24.68
13.0 24.75
14.0 24.82
15.0 24.84
16.0 24.84
17.0 24.95
18.0 25.02
19.0 25.01
20.0 25.16
21.0 25.15
22.0 25.22
23.0 25.29
24.0 25.33
25.0 25.36
26.0 25.42
27.0 25.5
28.0 25.63
29.0 25.6
30.0 25.72
31.0 25.73
32.0 25.81
33.0 25.83
34.0 25.93
35.0 25.97
36.0 26.03
37.0 26.1
38.0 26.11
39.0 26.23
40.0 26.23
41.0 26.26
42.0 26.33
43.0 26.35
44.0 26.44
45.0 26.44
46.0 26.53
47.0 26.58
48.0 26.61
49.0 26.6
50.0 26.69
51.0 26.66
52.0 26.71
53.0 26.76
54.0 26.78
55.0 26.82
56.0 26.83
57.0 26.87
58.0 26.89
59.0 26.94
60.0 26.88
61.0 26.9
62.0 26.94
63.0 26.96
64.0 27.02
65.0 27.03
66.0 27.07
67.0 27.06
68.0 27.04
69.0 27.05
70.0 27.06
71.0 27.06
72.0 27.1
73.0 27.1
74.0 27.18
75.0 27.14
76.0 27.12
77.0 27.11
78.0 27.19
79.0 27.2
80.0 27.24
81.0 27.19
82.0 27.22
83.0 27.22
84.0 27.18
85.0 27.25
86.0 27.27
87.0 27.22
88.0 27.25
89.0 27.21
90.0 27.24
91.0 27.24
92.0 27.26
93.0 27.26
94.0 27.3
95.0 27.25
96.0 27.28
97.0 27.2
98.0 27.25
99.0 27.33
100.0 27.31
101.0 27.24
102.0 27.21
103.0 27.21
104.0 27.28
105.0 27.23
106.0 27.25
107.0 27.24
108.0 27.26
109.0 27.23
110.0 27.22
111.0 27.18
112.0 27.22
113.0 27.18
114.0 27.18
115.0 27.19
116.0 27.24
117.0 27.2
118.0 27.17
119.0 27.22
120.0 27.23
121.0 27.23
122.0 27.19
123.0 27.25
124.0 27.23
125.0 27.21
126.0 27.22
127.0 27.14
128.0 27.17
129.0 27.18
130.0 27.21
131.0 27.19
132.0 27.15
133.0 27.18
134.0 27.18
135.0 27.18
136.0 27.14
137.0 27.14
138.0 27.19
139.0 27.12
140.0 27.12
141.0 27.12
142.0 27.05
143.0 27.12
144.0 27.12
145.0 27.14
146.0 27.12
147.0 27.17
148.0 27.09
149.0 27.12
150.0 27.14
151.0 27.12
152.0 27.09
153.0 27.11
154.0 27.1
155.0 27.12
156.0 27.09
157.0 27.08
158.0 27.11
159.0 27.08
160.0 27.09
161.0 27.07
162.0 27.08
163.0 27.05
164.0 27.08
165.0 27.08
166.0 27.15
167.0 27.1
168.0 27.07
169.0 27.08
170.0 27.09
171.0 27.14
172.0 27.05
173.0 27.08
174.0 27.05
175.0 27.07
176.0 27.06
177.0 27.12
178.0 27.09
179.0 27.08
180.0 27.04
181.0 27.04
182.0 27.09
183.0 27.05
184.0 27.05
185.0 27.05
186.0 27.12
187.0 27.08
188.0 27.11
189.0 27.06
190.0 27.08
191.0 27.06
192.0 27.11
193.0 27.08
194.0 27.07
195.0 27.07
196.0 27.06
197.0 27.09
198.0 27.04
199.0 27.06
200.0 27.07
201.0 27.06
202.0 27.05
203.0 27.05
204.0 27.07
205.0 27.05
206.0 27.06
207.0 27.07
208.0 27.05
209.0 27.08
210.0 27.04
211.0 27.04
212.0 27.08
213.0 27.06
214.0 27.03
215.0 27.05
216.0 27.02
217.0 27.07
218.0 27.05
219.0 27.05
220.0 27.05
221.0 27.08
222.0 27.05
223.0 27.05
224.0 27.02
225.0 27.02
226.0 27.04
227.0 27.08
228.0 27.05
229.0 27.06
230.0 27.02
231.0 27.01
232.0 27.11
233.0 27.04
234.0 27.02
235.0 27.09
236.0 27.1
237.0 27.05
238.0 27.04
239.0 27.06
240.0 27.02
241.0 27.08
242.0 26.99
243.0 27.05
244.0 27.06
245.0 27.07
246.0 27.05
247.0 27.06
248.0 27.06
249.0 27.03
250.0 27.08
251.0 27.03
252.0 27.07
253.0 27.06
254.0 27.03
255.0 27.05
256.0 27.08
257.0 27.04
258.0 27.08
259.0 27.09
260.0 27.04
261.0 27.01
262.0 27.03
263.0 27.07
264.0 27.03
265.0 27.04
266.0 27.06
267.0 27.02
268.0 27.03
269.0 27.05
270.0 27.02
271.0 27.02
272.0 27.07
273.0 27.02
274.0 27.04
275.0 27.05
276.0 27.03
277.0 27.06
278.0 27.06
279.0 27.02
280.0 27.04
281.0 27.11
282.0 27.05
283.0 27.03
284.0 27.07
285.0 27.06
286.0 27.1
287.0 27.05
288.0 27.05
289.0 27.08
290.0 27.03
291.0 27.1
292.0 27.02
293.0 27.07
294.0 27.06
295.0 27.02
296.0 27.05
297.0 27.04
298.0 27.0
299.0 27.03
300.0 27.07
301.0 27.0
302.0 27.03
303.0 27.01
304.0 27.08
305.0 27.0
306.0 27.05
307.0 27.08
308.0 27.01
309.0 27.05
310.0 27.02
311.0 26.99
312.0 27.08
313.0 27.04
314.0 27.12
315.0 27.04
316.0 27.05
317.0 27.08
318.0 27.06
319.0 27.07
320.0 27.01
321.0 27.01
322.0 27.04
323.0 27.05
324.0 27.08
325.0 27.0
326.0 27.07
327.0 27.03
328.0 27.05
329.0 27.03
330.0 27.0
331.0 27.04