1.0 23.48
2.0 23.47
3.0 23.45
4.0 23.48
5.0 23.52
6.0 23.53
7.0 23.58
8.0 23.66
9.0 23.66
10.0 23.73
11.0 23.71
12.0 23.76
13.0 23.83
14.0 23.9
15.0 23.95
16.0 23.99
17.0 24.08
18.0 24.13
19.0 24.17
20.0 24.26
21.0 24.27
22.0 24.32
23.0 24.4
24.0 24.44
25.0 24.5
26.0 24.57
27.0 24.58
28.0 24.67
29.0 24.74
30.0 24.76
31.0 24.87
32.0 24.94
33.0 24.92
34.0 25.04
35.0 25.09
36.0 25.17
37.0 25.12
38.0 25.29
39.0 25.34
40.0 25.39
41.0 25.45
42.0 25.49
43.0 25.56
44.0 25.65
45.0 25.68
46.0 25.79
47.0 25.83
48.0 25.93
49.0 25.93
50.0 26.0
51.0 26.07
52.0 26.07
53.0 26.15
54.0 26.22
55.0 26.28
56.0 26.37
57.0 26.38
58.0 26.45
59.0 26.48
60.0 26.6
61.0 26.65
62.0 26.72
63.0 26.75
64.0 26.82
65.0 26.89
66.0 26.91
67.0 26.99
68.0 27.06
69.0 27.08
70.0 27.14
71.0 27.22
72.0 27.3
73.0 27.36
74.0 27.36
75.0 27.44
76.0 27.53
77.0 27.55
78.0 27.57
79.0 27.67
80.0 27.74
81.0 27.76
82.0 27.81
83.0 27.9
84.0 27.95
85.0 27.99
86.0 28.07
87.0 28.08
88.0 28.14
89.0 28.22
90.0 28.33
91.0 28.31
92.0 28.35
93.0 28.46
94.0 28.47
95.0 28.57
96.0 28.62
97.0 28.63
98.0 28.68
99.0 28.74
100.0 28.82
101.0 28.85
102.0 28.88
103.0 28.95
104.0 29.0
105.0 29.05
106.0 29.09
107.0 29.17
108.0 29.17
109.0 29.22
110.0 29.32
111.0 29.32
112.0 29.37
113.0 29.42
114.0 29.48
115.0 29.54
116.0 29.57
117.0 29.6
118.0 29.64
119.0 29.63
120.0 29.74
121.0 29.81
122.0 29.8
123.0 29.83
124.0 29.94
125.0 29.94
126.0 29.98
127.0 29.98
128.0 30.11
129.0 30.12
130.0 30.16
131.0 30.22
132.0 30.26
133.0 30.28
134.0 30.3
135.0 30.41
136.0 30.44
137.0 30.46
138.0 30.51
139.0 30.56
140.0 30.57
141.0 30.65
142.0 30.67
143.0 30.7
144.0 30.75
145.0 30.88
146.0 30.88
147.0 30.9
148.0 30.93
149.0 30.97
150.0 31.04
151.0 31.01
152.0 31.14
153.0 31.12
154.0 31.15
155.0 31.21
156.0 31.26
157.0 31.29
158.0 31.33
159.0 31.37
160.0 31.43
161.0 31.41
162.0 31.5
163.0 31.44
164.0 31.57
165.0 31.6
166.0 31.64
167.0 31.67
168.0 31.73
169.0 31.73
170.0 31.8
171.0 31.8
172.0 31.87
173.0 31.89
174.0 31.88
175.0 31.98
176.0 32.02
177.0 32.05
178.0 32.05
179.0 32.07
180.0 32.16
181.0 32.18
182.0 32.21
183.0 32.26
184.0 32.3
185.0 32.35
186.0 32.32
187.0 32.39
188.0 32.41
189.0 32.49
190.0 32.41
191.0 32.51
192.0 32.51
193.0 32.57
194.0 32.61
195.0 32.63
196.0 32.65
197.0 32.65
198.0 32.73
199.0 32.75
200.0 32.86
201.0 32.77
202.0 32.87
203.0 32.86
204.0 32.94
205.0 32.99
206.0 33.01
207.0 33.01
208.0 33.01
209.0 33.06
210.0 33.1
211.0 33.15
212.0 33.15
213.0 33.17
214.0 33.24
215.0 33.23
216.0 33.29
217.0 33.29
218.0 33.31
219.0 33.32
220.0 33.36
221.0 33.44
222.0 33.4
223.0 33.46
224.0 33.52
225.0 33.5
226.0 33.55
227.0 33.59
228.0 33.6
229.0 33.59
230.0 33.62
231.0 33.62
232.0 33.67
233.0 33.67
234.0 33.64
235.0 33.72
236.0 33.8
237.0 33.74
238.0 33.81
239.0 33.82
240.0 33.83
241.0 33.91
242.0 33.91
243.0 33.9
244.0 33.9
245.0 33.96
246.0 33.98
247.0 34.01
248.0 34.02
249.0 34.08
250.0 34.1
251.0 34.12
252.0 34.15
253.0 34.17
254.0 34.16
255.0 34.23
256.0 34.23
257.0 34.24
258.0 34.27
259.0 34.28
260.0 34.37
261.0 34.38
262.0 34.35
263.0 34.41
264.0 34.41
265.0 34.43
266.0 34.43
267.0 34.51
268.0 34.52
269.0 34.55
270.0 34.51
271.0 34.6
272.0 34.59
273.0 34.56
274.0 34.64
275.0 34.71
276.0 34.69
277.0 34.78
278.0 34.73
279.0 34.78
280.0 34.84
281.0 34.8
282.0 34.82
283.0 34.84
284.0 34.9
285.0 34.88
286.0 35.01
287.0 34.94
288.0 34.97
289.0 34.96
290.0 35.01
291.0 35.03
292.0 35.03
293.0 35.03
294.0 35.1
295.0 35.12
296.0 35.1
297.0 35.12
298.0 35.16
299.0 35.17
300.0 35.2
301.0 35.2
302.0 35.22
303.0 35.26
304.0 35.28
305.0 35.29
306.0 35.35
307.0 35.38
308.0 35.39
309.0 35.28
310.0 35.38
311.0 35.44
312.0 35.41
313.0 35.38
314.0 35.45
315.0 35.5
316.0 35.5
317.0 35.52
318.0 35.58
319.0 35.58
320.0 35.54
321.0 35.55
322.0 35.62
323.0 35.59
324.0 35.66
325.0 35.68
326.0 35.69
327.0 35.65
328.0 35.66
329.0 35.73
330.0 35.7
331.0 35.75
332.0 35.77
333.0 35.78
334.0 35.8
335.0 35.81
336.0 35.81
337.0 35.84
338.0 35.83
339.0 35.87
340.0 35.87
341.0 35.96
342.0 35.95
343.0 35.89
344.0 35.99
345.0 36.01
346.0 36.05
347.0 36.01
348.0 36.08
349.0 36.07
350.0 36.07
351.0 36.11
352.0 36.03
353.0 36.12
354.0 36.17
355.0 36.13
356.0 36.15
357.0 36.15
358.0 36.16
359.0 36.14
360.0 36.16
361.0 36.26
362.0 36.24
363.0 36.22
364.0 36.26
365.0 36.24
366.0 36.3
367.0 36.29
368.0 36.38
369.0 36.31
370.0 36.3
371.0 36.36
372.0 36.43
373.0 36.42
374.0 36.44
375.0 36.42
376.0 36.43
377.0 36.44
378.0 36.44
379.0 36.48
380.0 36.49
381.0 36.49
382.0 36.51
383.0 36.54
384.0 36.53
385.0 36.55
386.0 36.56
387.0 36.6
388.0 36.65
389.0 36.59
390.0 36.67
391.0 36.65
392.0 36.66
393.0 36.65
394.0 36.71
395.0 36.67
396.0 36.72
397.0 36.71
398.0 36.79
399.0 36.74
400.0 36.74
401.0 36.78
402.0 36.78
403.0 36.78
404.0 36.83
405.0 36.83
406.0 36.86
407.0 36.9
408.0 36.85
409.0 36.84
410.0 36.91
411.0 36.92
412.0 36.93
413.0 36.96
414.0 36.93
415.0 36.97
416.0 36.97
417.0 36.94
418.0 36.92
419.0 37.01
420.0 36.98
421.0 37.02
422.0 37.04
423.0 37.06
424.0 37.05
425.0 37.04
426.0 37.05
427.0 37.02
428.0 37.07
429.0 37.16
430.0 37.1
431.0 37.13
432.0 37.17
433.0 37.13
434.0 37.16
435.0 37.12
436.0 37.17
437.0 37.17
438.0 37.25
439.0 37.22
440.0 37.26
441.0 37.24
442.0 37.24
443.0 37.25
444.0 37.3
445.0 37.31
446.0 37.27
447.0 37.33
448.0 37.3
449.0 37.37
450.0 37.34
451.0 37.32
452.0 37.39
453.0 37.39
454.0 37.39
455.0 37.41
456.0 37.39
457.0 37.4
458.0 37.39
459.0 37.4
460.0 37.39
461.0 37.42
462.0 37.42
463.0 37.44
464.0 37.48
465.0 37.45
466.0 37.5
467.0 37.47
468.0 37.48
469.0 37.52
470.0 37.52
471.0 37.51
472.0 37.57
473.0 37.57
474.0 37.53
475.0 37.63
476.0 37.58
477.0 37.63
478.0 37.61
479.0 37.62
480.0 37.56
481.0 37.62
482.0 37.63
483.0 37.65
484.0 37.64
485.0 37.65
486.0 37.64
487.0 37.65
488.0 37.67
489.0 37.68
490.0 37.66
491.0 37.65
492.0 37.74
493.0 37.69
494.0 37.73
495.0 37.71
496.0 37.71
497.0 37.77
498.0 37.77
499.0 37.74
500.0 37.78
501.0 37.76
502.0 37.79
503.0 37.8
504.0 37.82
505.0 37.82
506.0 37.84
507.0 37.77
508.0 37.84
509.0 37.81
510.0 37.87
511.0 37.87
512.0 37.87
513.0 37.85
514.0 37.85
515.0 37.86
516.0 37.88
517.0 37.89
518.0 37.92
519.0 37.87
520.0 37.87
521.0 37.89
522.0 37.96
523.0 37.93
524.0 37.93
525.0 37.9
526.0 37.96
527.0 37.98
528.0 37.93
529.0 37.96
530.0 37.96
531.0 37.96
532.0 37.99
533.0 37.97
534.0 37.94
535.0 37.99
536.0 37.98
537.0 38.02
538.0 38.02
539.0 37.97
540.0 38.0
541.0 38.0
542.0 38.07
543.0 38.05
544.0 38.04
545.0 38.02
546.0 38.1
547.0 38.1
548.0 38.06
549.0 38.06
550.0 38.06
551.0 38.07
552.0 38.11
553.0 38.16
554.0 38.09
555.0 38.12
556.0 38.1
557.0 38.19
558.0 38.18
559.0 38.15
560.0 38.17
561.0 38.17
562.0 38.15
563.0 38.17
564.0 38.24
565.0 38.2
566.0 38.24
567.0 38.16
568.0 38.17
569.0 38.24
570.0 38.25
571.0 38.19
572.0 38.22
573.0 38.26
574.0 38.21
575.0 38.25
576.0 38.25
577.0 38.26
578.0 38.27
579.0 38.29
580.0 38.33
581.0 38.3
582.0 38.29
583.0 38.34
584.0 38.32
585.0 38.29
586.0 38.33
587.0 38.35
588.0 38.3
589.0 38.33
590.0 38.36
591.0 38.41
592.0 38.32
593.0 38.37
594.0 38.35
595.0 38.36
596.0 38.37
597.0 38.38
598.0 38.36
599.0 38.39
600.0 38.4
601.0 38.42
602.0 38.45
603.0 38.39
604.0 38.42
605.0 38.44
606.0 38.42
607.0 38.45
608.0 38.44
609.0 38.43
610.0 38.47
611.0 38.52
612.0 38.48
613.0 38.41
614.0 38.48
615.0 38.5
616.0 38.52
617.0 38.48
618.0 38.48
619.0 38.47
620.0 38.54
621.0 38.53
622.0 38.55
623.0 38.55
624.0 38.56
625.0 38.61
626.0 38.57
627.0 38.54
628.0 38.56
629.0 38.59
630.0 38.58
631.0 38.57
632.0 38.61
633.0 38.6
634.0 38.61
635.0 38.58
636.0 38.6
637.0 38.61
638.0 38.63
639.0 38.6
640.0 38.59
641.0 38.64
642.0 38.58
643.0 38.64
644.0 38.6
645.0 38.65
646.0 38.62
647.0 38.6
648.0 38.64
649.0 38.67
650.0 38.66
651.0 38.69
652.0 38.63
653.0 38.66
654.0 38.7
655.0 38.67
656.0 38.69
657.0 38.7
658.0 38.71
659.0 38.71
660.0 38.68
661.0 38.73
662.0 38.72
663.0 38.71
664.0 38.75
665.0 38.74
666.0 38.71
667.0 38.72
668.0 38.74
669.0 38.74
670.0 38.76
671.0 38.76
672.0 38.81
673.0 38.81
674.0 38.79
675.0 38.73
676.0 38.78
677.0 38.77
678.0 38.81
679.0 38.82
680.0 38.77
681.0 38.82
682.0 38.81
683.0 38.82
684.0 38.84
685.0 38.81
686.0 38.82
687.0 38.82
688.0 38.82
689.0 38.83
690.0 38.88
691.0 38.83
692.0 38.91
693.0 38.83
694.0 38.89
695.0 38.85
696.0 38.87
697.0 38.83
698.0 38.89
699.0 38.85
700.0 38.86
701.0 38.88
702.0 38.87
703.0 38.83
704.0 38.89
705.0 38.9
706.0 38.92
707.0 38.92
708.0 38.91
709.0 38.88
710.0 38.96
711.0 38.97
712.0 38.89
713.0 38.97
714.0 38.92
715.0 38.92
716.0 38.91
717.0 38.95
718.0 38.92
719.0 39.01
720.0 38.94
721.0 38.93
722.0 38.96
723.0 38.94
724.0 39.04
725.0 39.01
726.0 38.96
727.0 39.02
728.0 38.95
729.0 38.99
730.0 38.97
731.0 38.96
732.0 38.97
733.0 39.01
734.0 38.97
735.0 39.03
736.0 38.97
737.0 38.91
738.0 39.01
739.0 38.98
740.0 39.0
741.0 39.01
742.0 39.03
743.0 38.96
744.0 38.97
745.0 39.01
746.0 39.08
747.0 39.02
748.0 38.99
749.0 39.04
750.0 39.04
751.0 39.04
752.0 39.03
753.0 39.04
754.0 39.04
755.0 39.03
756.0 39.06
757.0 39.02
758.0 39.04
759.0 39.04
760.0 39.07
761.0 39.06
762.0 39.07
763.0 39.09
764.0 39.03
765.0 39.1
766.0 39.07
767.0 39.06
768.0 39.09
769.0 39.07
770.0 39.11
771.0 39.06
772.0 39.12
773.0 39.06
774.0 39.1
775.0 39.1
776.0 39.11
777.0 39.06
778.0 39.08
779.0 39.13
780.0 39.13
781.0 39.11
782.0 39.16
783.0 39.15
784.0 39.12
785.0 39.14
786.0 39.16
787.0 39.18
788.0 39.13
789.0 39.16
790.0 39.12
791.0 39.12
792.0 39.12
793.0 39.14
794.0 39.22
795.0 39.18
796.0 39.19
797.0 39.18
798.0 39.16
799.0 39.18
800.0 39.19
801.0 39.21
802.0 39.21
803.0 39.21
804.0 39.2
805.0 39.17
806.0 39.2
807.0 39.15
808.0 39.18
809.0 39.2
810.0 39.17
811.0 39.24
812.0 39.23
813.0 39.24
814.0 39.21
815.0 39.21
816.0 39.25
817.0 39.26
818.0 39.21
819.0 39.25
820.0 39.21
821.0 39.2
822.0 39.22
823.0 39.27
824.0 39.21
825.0 39.27
826.0 39.25
827.0 39.27
828.0 39.22
829.0 39.25
830.0 39.25
831.0 39.24
832.0 39.23
833.0 39.26
834.0 39.24
835.0 39.25
836.0 39.24
837.0 39.23
838.0 39.29
839.0 39.29
840.0 39.29
841.0 39.29
842.0 39.2
843.0 39.27
844.0 39.27
845.0 39.23
846.0 39.28
847.0 39.31
848.0 39.26
849.0 39.25
850.0 39.28
851.0 39.24
852.0 39.32
853.0 39.27
854.0 39.33
855.0 39.3
856.0 39.23
857.0 39.3
858.0 39.25
859.0 39.3
860.0 39.28
861.0 39.3
862.0 39.28
863.0 39.32
864.0 39.29
865.0 39.36
866.0 39.28
867.0 39.31
868.0 39.34
869.0 39.29
870.0 39.31
871.0 39.3
872.0 39.36
873.0 39.32
874.0 39.27
875.0 39.32
876.0 39.34
877.0 39.35
878.0 39.35
879.0 39.33
880.0 39.36
881.0 39.33
882.0 39.36
883.0 39.32
884.0 39.36
885.0 39.36
886.0 39.34
887.0 39.37
888.0 39.38
889.0 39.38
890.0 39.41
891.0 39.36
892.0 39.4
893.0 39.36
894.0 39.42
895.0 39.43
896.0 39.36
897.0 39.41
898.0 39.39
899.0 39.41
900.0 39.41
901.0 39.41
902.0 39.45
903.0 39.38
904.0 39.39
905.0 39.43
906.0 39.39
907.0 39.41
908.0 39.43
909.0 39.46
910.0 39.44
911.0 39.42
912.0 39.44
913.0 39.43
914.0 39.43
915.0 39.4
916.0 39.39
917.0 39.42
918.0 39.42
919.0 39.43
920.0 39.38
921.0 39.39
922.0 39.36
923.0 39.4
924.0 39.42
925.0 39.41
926.0 39.39
927.0 39.4
928.0 39.39
929.0 39.41
930.0 39.45
931.0 39.41
932.0 39.41
933.0 39.46
934.0 39.42
935.0 39.44
936.0 39.45
937.0 39.42
938.0 39.43
939.0 39.49
940.0 39.45
941.0 39.45
942.0 39.44
943.0 39.46
944.0 39.46
945.0 39.42
946.0 39.44
947.0 39.45
948.0 39.5
949.0 39.47
950.0 39.46
951.0 39.48
952.0 39.48
953.0 39.43
954.0 39.46
955.0 39.45
956.0 39.44
957.0 39.5
958.0 39.45
959.0 39.44
960.0 39.47
961.0 39.53
962.0 39.49
963.0 39.48
964.0 39.5
965.0 39.47
966.0 39.44
967.0 39.48
968.0 39.51
969.0 39.47
970.0 39.49
971.0 39.5
972.0 39.46
973.0 39.47
974.0 39.48
975.0 39.46
976.0 39.48
977.0 39.45
978.0 39.47
979.0 39.5
980.0 39.5
981.0 39.5
982.0 39.47
983.0 39.48
984.0 39.47
985.0 39.53
986.0 39.51
987.0 39.5
988.0 39.53
989.0 39.53
990.0 39.48
991.0 39.53
992.0 39.54
993.0 39.54
994.0 39.53
995.0 39.58
996.0 39.54
997.0 39.57
998.0 39.57
999.0 39.51
1000.0 39.54
1001.0 39.57
1002.0 39.56
1003.0 39.6
1004.0 39.54
1005.0 39.54
1006.0 39.6
1007.0 39.6
1008.0 39.58
1009.0 39.59
1010.0 39.55
1011.0 39.6
1012.0 39.53
1013.0 39.65
1014.0 39.6
1015.0 39.58
1016.0 39.6
1017.0 39.65
1018.0 39.58
1019.0 39.6
1020.0 39.58
1021.0 39.58
1022.0 39.62
1023.0 39.61
1024.0 39.64
1025.0 39.61
1026.0 39.67
1027.0 39.64
1028.0 39.62
1029.0 39.61
1030.0 39.61
1031.0 39.61
1032.0 39.65
1033.0 39.63
1034.0 39.65
1035.0 39.59
1036.0 39.61
1037.0 39.64
1038.0 39.65
1039.0 39.64
1040.0 39.62
1041.0 39.64
1042.0 39.6
1043.0 39.67
1044.0 39.68
1045.0 39.65
1046.0 39.64
1047.0 39.63
1048.0 39.65
1049.0 39.63
1050.0 39.67
1051.0 39.68
1052.0 39.65
1053.0 39.62
1054.0 39.64
1055.0 39.62
1056.0 39.68
1057.0 39.73
1058.0 39.6
1059.0 39.65
1060.0 39.66
1061.0 39.66
1062.0 39.67
1063.0 39.73
1064.0 39.62
1065.0 39.66
1066.0 39.68
1067.0 39.64
1068.0 39.65
1069.0 39.68
1070.0 39.65
1071.0 39.65
1072.0 39.69
1073.0 39.62
1074.0 39.64
1075.0 39.66
1076.0 39.68
1077.0 39.69
1078.0 39.65
1079.0 39.69
1080.0 39.74
1081.0 39.69
1082.0 39.66
1083.0 39.68
1084.0 39.68
1085.0 39.69
1086.0 39.65
1087.0 39.66
1088.0 39.63
1089.0 39.75
1090.0 39.74
1091.0 39.69
1092.0 39.64
1093.0 39.71
1094.0 39.68
1095.0 39.69
1096.0 39.68
1097.0 39.67
1098.0 39.73
1099.0 39.69
1100.0 39.69
1101.0 39.76
1102.0 39.73
1103.0 39.74
1104.0 39.77
1105.0 39.69
1106.0 39.72
1107.0 39.68
1108.0 39.69
1109.0 39.71
1110.0 39.68
1111.0 39.75
1112.0 39.7
1113.0 39.73
1114.0 39.76
1115.0 39.76
1116.0 39.77
1117.0 39.77
1118.0 39.75
1119.0 39.76
1120.0 39.77
1121.0 39.76
1122.0 39.77
1123.0 39.78
1124.0 39.76
1125.0 39.7
1126.0 39.69
1127.0 39.79
1128.0 39.74
1129.0 39.82
1130.0 39.77
1131.0 39.79
1132.0 39.78
1133.0 39.81
1134.0 39.76
1135.0 39.78
1136.0 39.77
1137.0 39.78
1138.0 39.75
1139.0 39.74
1140.0 39.76
1141.0 39.8
1142.0 39.7
1143.0 39.77
1144.0 39.79
1145.0 39.78
1146.0 39.77
1147.0 39.78
1148.0 39.78
1149.0 39.77
1150.0 39.76
1151.0 39.78
1152.0 39.82
1153.0 39.78
1154.0 39.8
1155.0 39.8
1156.0 39.78
1157.0 39.79
1158.0 39.8
1159.0 39.79
1160.0 39.77
1161.0 39.78
1162.0 39.78
1163.0 39.78
1164.0 39.82
1165.0 39.83
1166.0 39.78
1167.0 39.78
1168.0 39.82
1169.0 39.76
1170.0 39.84
1171.0 39.81
1172.0 39.8
1173.0 39.8
1174.0 39.78
1175.0 39.77
1176.0 39.81
1177.0 39.78
1178.0 39.81
1179.0 39.81
1180.0 39.81
1181.0 39.81
1182.0 39.77
1183.0 39.79
1184.0 39.82
1185.0 39.77
1186.0 39.81
1187.0 39.83
1188.0 39.82
1189.0 39.79
1190.0 39.79
1191.0 39.81
1192.0 39.82
1193.0 39.86
1194.0 39.77
1195.0 39.82
1196.0 39.8
1197.0 39.79
1198.0 39.83
1199.0 39.81
1200.0 39.79
1201.0 39.82
1202.0 39.77
1203.0 39.79
1204.0 39.82
1205.0 39.79
1206.0 39.82
1207.0 39.82
1208.0 39.84
1209.0 39.84
1210.0 39.82
1211.0 39.78
1212.0 39.84
1213.0 39.85
1214.0 39.81
1215.0 39.85
1216.0 39.85
1217.0 39.85
1218.0 39.83
1219.0 39.83
1220.0 39.82
1221.0 39.8
1222.0 39.81
1223.0 39.89
1224.0 39.83
1225.0 39.86
1226.0 39.85
1227.0 39.81
1228.0 39.84
1229.0 39.83
1230.0 39.85
1231.0 39.82
1232.0 39.83
1233.0 39.85
1234.0 39.9
1235.0 39.83
1236.0 39.85
1237.0 39.85
1238.0 39.86
1239.0 39.85
1240.0 39.88
1241.0 39.87
1242.0 39.87
1243.0 39.85
1244.0 39.83
1245.0 39.84
1246.0 39.88
1247.0 39.89
1248.0 39.86
1249.0 39.85
1250.0 39.86
1251.0 39.85
1252.0 39.79
1253.0 39.89
1254.0 39.84
1255.0 39.84
1256.0 39.92
1257.0 39.87
1258.0 39.9
1259.0 39.89
1260.0 39.89
1261.0 39.92
1262.0 39.9
1263.0 39.94
1264.0 39.91
1265.0 39.88
1266.0 39.92
1267.0 39.89
1268.0 39.93
1269.0 39.9
1270.0 39.98
1271.0 39.93
1272.0 40.01
1273.0 39.95
1274.0 39.96
1275.0 39.92
1276.0 39.95
1277.0 39.92
1278.0 39.92
1279.0 39.95
1280.0 39.97
1281.0 39.97
1282.0 39.93
1283.0 39.96
1284.0 39.93
1285.0 39.95
1286.0 39.96
1287.0 39.99
1288.0 39.98
1289.0 39.93
1290.0 39.95
1291.0 39.93
1292.0 39.96
1293.0 39.94
1294.0 39.98
1295.0 39.95
1296.0 39.99
1297.0 39.93
1298.0 39.94
1299.0 39.99
1300.0 39.97
1301.0 39.93
1302.0 39.96
1303.0 39.97
1304.0 39.97
1305.0 39.99
1306.0 39.97
1307.0 39.97
1308.0 39.96
1309.0 39.99
1310.0 39.97
1311.0 39.97
1312.0 39.98
1313.0 39.96
1314.0 39.96
1315.0 39.95
1316.0 39.96
1317.0 39.97
1318.0 39.98
1319.0 39.99
1320.0 39.99
1321.0 40.01
1322.0 39.91
1323.0 39.95
1324.0 40.01
1325.0 40.01
1326.0 39.93
1327.0 39.93
1328.0 39.96
1329.0 39.99
1330.0 39.93
1331.0 40.0
1332.0 39.96
1333.0 39.99
1334.0 39.93
1335.0 39.97
1336.0 39.96
1337.0 39.99
1338.0 39.93
1339.0 40.01
1340.0 39.98
1341.0 39.96
1342.0 39.97
1343.0 39.97
1344.0 39.96
1345.0 39.92
1346.0 40.01
1347.0 39.97
1348.0 39.97
1349.0 39.96
1350.0 39.98
1351.0 39.96
1352.0 39.98
1353.0 39.92
1354.0 39.98
1355.0 39.94
1356.0 39.94
1357.0 39.95
1358.0 39.93
1359.0 39.93
1360.0 39.94
1361.0 39.95
1362.0 39.98
1363.0 39.93
1364.0 39.93
1365.0 39.91
1366.0 39.96
1367.0 39.96
1368.0 39.96
1369.0 39.95
1370.0 39.95
1371.0 39.96
1372.0 39.94
1373.0 39.96
1374.0 39.97
1375.0 39.96
1376.0 39.96
1377.0 39.96
1378.0 39.95
1379.0 39.95
1380.0 39.94
1381.0 39.92
1382.0 39.96
1383.0 39.96
1384.0 39.97
1385.0 39.99
1386.0 40.04
1387.0 39.96
1388.0 39.99
1389.0 40.01
1390.0 39.97
1391.0 39.97
1392.0 39.99
1393.0 40.01
1394.0 40.08
1395.0 40.05
1396.0 40.02
1397.0 39.96
1398.0 40.01
1399.0 40.02
1400.0 40.03
1401.0 40.04
1402.0 40.09
1403.0 40.03
1404.0 40.1
1405.0 40.04
1406.0 40.01
1407.0 40.05
1408.0 40.03
1409.0 40.03
1410.0 40.04
1411.0 40.05
1412.0 40.06
1413.0 40.08
1414.0 40.08
1415.0 40.05
1416.0 40.06
1417.0 40.05
1418.0 40.07
1419.0 40.1
1420.0 40.07
1421.0 40.09
1422.0 40.05
1423.0 40.05
1424.0 40.01
1425.0 40.07
1426.0 40.07
1427.0 40.05
1428.0 40.01
1429.0 40.06
1430.0 40.1
1431.0 40.1
1432.0 40.11
1433.0 40.11
1434.0 40.12
1435.0 40.12
1436.0 40.08
1437.0 40.1
1438.0 40.11
1439.0 40.13
1440.0 40.06
1441.0 40.14
1442.0 40.13
1443.0 40.14
1444.0 40.13
1445.0 40.11
1446.0 40.09
1447.0 40.13
1448.0 40.14
1449.0 40.06
1450.0 40.17
1451.0 40.16
1452.0 40.14
1453.0 40.09
1454.0 40.11
1455.0 40.11
1456.0 40.05
1457.0 40.1
1458.0 40.1
1459.0 40.11
1460.0 40.12
1461.0 40.11
1462.0 40.13
1463.0 40.17
1464.0 40.1
1465.0 40.09
1466.0 40.09
1467.0 40.13
1468.0 40.09
1469.0 40.1
1470.0 40.13
1471.0 40.16
1472.0 40.1
1473.0 40.14
1474.0 40.15
1475.0 40.15
1476.0 40.16
1477.0 40.14
1478.0 40.14
1479.0 40.13
1480.0 40.18
1481.0 40.12
1482.0 40.15
1483.0 40.12
1484.0 40.15
1485.0 40.13
1486.0 40.09
1487.0 40.17
1488.0 40.13
1489.0 40.1
1490.0 40.11
1491.0 40.18
1492.0 40.16
1493.0 40.16
1494.0 40.13
1495.0 40.18
1496.0 40.12
1497.0 40.13
1498.0 40.21
1499.0 40.12
1500.0 40.11
1501.0 40.15
1502.0 40.14
1503.0 40.17
1504.0 40.07
1505.0 40.03
1506.0 40.08
1507.0 40.02
1508.0 40.03
1509.0 40.02
1510.0 39.99
1511.0 39.96
1512.0 39.96
1513.0 39.96
1514.0 39.88
1515.0 39.92
1516.0 39.93
1517.0 39.88
1518.0 39.9
1519.0 39.87
1520.0 39.89
1521.0 39.89
1522.0 39.86
1523.0 39.91
1524.0 39.9